# Time-averaged data for fix fixke
# TimeStep c_kea c_pea
14010000 19073.9 -715924
14020000 19099 -715871
14030000 19073.2 -715964
14040000 19068.6 -715897
14050000 19075 -715828
14060000 19052.5 -715823
14070000 19056.3 -715930
14080000 19072.8 -715920
14090000 19041.8 -715944
14100000 19044.6 -715877
14110000 19083.6 -715820
14120000 19007.1 -715894
14130000 19028 -715840
14140000 19063.5 -715949
14150000 19053.8 -715979
14160000 19064.1 -715837
14170000 19035 -715953
14180000 19028.6 -715958
14190000 19064.7 -715976
14200000 19049.3 -715917
14210000 19078.9 -715890
14220000 19050.6 -715864
14230000 19050.4 -715901
14240000 19082 -715871
14250000 19034 -715867
14260000 19036.4 -715937
14270000 19039.5 -715900
14280000 19049.3 -715964
14290000 19037.7 -715954
14300000 19029.2 -715929
14310000 19068.6 -715888
14320000 19054.8 -715899
14330000 19039.4 -715893
14340000 19045.2 -715944
14350000 19042.6 -715933
14360000 19065.6 -715871
14370000 19028.6 -715855
14380000 19047.2 -715859
14390000 19032.9 -715898
14400000 19043 -715896
14410000 19025.3 -715873
14420000 19022.6 -715951
14430000 19012 -715965
14440000 19006.2 -716015
14450000 19032.7 -715896
14460000 19026.8 -715944
14470000 18992.8 -716000
14480000 18999.5 -715995
14490000 18989.1 -715978
14500000 18995.2 -715999
14510000 19042.4 -715945
14520000 18984.4 -716002
14530000 18997.6 -715957
14540000 18997 -715989
14550000 18994.8 -715988
14560000 19000.3 -715966
14570000 18994.3 -715923
14580000 19036.9 -715989
14590000 19032.6 -715974
14600000 19003.2 -716008
14610000 19006.1 -715993
14620000 19029.9 -715921
14630000 19028.2 -715910
14640000 18994.3 -715899
14650000 19018.6 -715991
14660000 19010.3 -715969
14670000 19013.2 -715944
14680000 18998.5 -715951
14690000 18986.2 -715991
14700000 19004.4 -715954
14710000 19011.2 -715948
14720000 19004.2 -715966
14730000 19017.2 -715971
14740000 18998.9 -715939
14750000 19027.1 -715902
14760000 19039.5 -715858
14770000 19006.5 -715953
14780000 19045.7 -715906
14790000 19041.2 -715949
14800000 19042.9 -715863
14810000 19019.3 -715886
14820000 19038.8 -715954
14830000 19048.6 -715897
14840000 19000.4 -715962
14850000 19001.4 -716005
14860000 19012.7 -715918
14870000 19027.4 -715941
14880000 19009.5 -715982
14890000 19023.4 -715937
14900000 19027.2 -715983
14910000 19025.6 -716034
14920000 19038.4 -715916
14930000 19042.1 -715942
14940000 19033.2 -715989
14950000 19039.7 -715959
14960000 19024.2 -716011
14970000 19021.6 -716062
14980000 19005.6 -716092
14990000 19001.5 -716017
15000000 19031 -715970
15010000 19049.7 -715922
15020000 19035 -715890
15030000 19026.6 -715929
15040000 19064 -715939
15050000 19057.2 -715990
15060000 19045.8 -715948
15070000 19043.3 -715940
15080000 19003.2 -715885
15090000 19027.1 -715955
15100000 19051.4 -715914
15110000 19041.4 -715937
15120000 19064.3 -715936
15130000 19076.7 -715852
15140000 19062 -715920
15150000 19044.4 -715958
15160000 19020.3 -715909
15170000 19039.5 -715907
15180000 19018.9 -715945
15190000 19025.2 -715924
15200000 19063.4 -715958
15210000 19053.9 -715955
15220000 19070.1 -715872
15230000 19032.8 -715974
15240000 19032.1 -715972
15250000 19028.2 -715953
15260000 19009.4 -715982
15270000 19024.4 -716022
15280000 19027.6 -715999
15290000 18993.3 -715983
15300000 19023 -715906
15310000 19033.5 -715930
15320000 19012.3 -715963
15330000 19048.8 -715951
15340000 19036.2 -715888
15350000 19036.6 -715993
15360000 19022.5 -715927
15370000 19033 -715968
15380000 19023.5 -715988
15390000 19036.3 -716008
15400000 19008.5 -715943
15410000 19039.5 -715875
15420000 19042.3 -715901
15430000 19043.8 -715918
15440000 19027.6 -715954
15450000 19033.7 -715937
15460000 19038.1 -715971
15470000 19024.4 -716044
15480000 19046.7 -715951
15490000 19025.6 -715927
15500000 19008.8 -715964
15510000 19023.6 -716017
15520000 19003.8 -715994
15530000 19017.5 -716025
15540000 19059.1 -715961
15550000 19033.9 -715949
15560000 19034.5 -715953
15570000 19008.1 -715971
15580000 19011.4 -715958
15590000 19045 -715913
15600000 19027.7 -715929
15610000 19033.9 -715918
15620000 18981.7 -716017
15630000 19017.4 -715976
15640000 19011.9 -715959
15650000 19045.1 -715929
15660000 19029.1 -715952
15670000 19026.2 -715908
15680000 19032.3 -715858
15690000 19031.1 -715909
15700000 19025.1 -715973
15710000 19039.2 -715926
15720000 19018.6 -715965
15730000 19009.9 -715981
15740000 18990.2 -715962
15750000 19011.3 -715936
15760000 19036.4 -715937
15770000 19037.4 -715983
15780000 19026.5 -715933
15790000 19026.7 -715907
15800000 19006.6 -715967
15810000 19051.1 -715928
15820000 18973.9 -715999
15830000 19013.3 -715904
15840000 19037.4 -715943
15850000 19034.7 -715981
15860000 19029.4 -715921
15870000 19021.1 -716040
15880000 19035.6 -715923
15890000 19030.1 -715985
15900000 19001.7 -715989
15910000 19021 -715998
15920000 19030.6 -715951
15930000 19026.1 -715958
15940000 19019.2 -715973
15950000 19021.7 -715961
15960000 19003.2 -716006
15970000 19034.2 -715916
15980000 19015.6 -715985
15990000 19022 -715938
16000000 19015.7 -715956
16010000 19024.8 -715968
16020000 19018 -715885
16030000 19035.3 -715910
16040000 19040.6 -715985
16050000 19002 -716038
16060000 19002 -716011
16070000 19037.5 -715999
16080000 19024.3 -715874
16090000 18993 -715983
16100000 19011.3 -715986
16110000 19024.6 -715939
16120000 19005.2 -715916
16130000 19036.6 -715972
16140000 18998.9 -716002
16150000 18976.6 -715981
16160000 19020.9 -715901
16170000 19018.2 -715908
16180000 19012.6 -715892
16190000 19018.7 -715937
16200000 19025.1 -715995
16210000 18977.7 -715962
16220000 19034.2 -715970
16230000 18986.7 -715952
16240000 19013.6 -715954
16250000 19002.5 -715945
16260000 19016 -715977
16270000 19034.8 -715949
16280000 19015.4 -715956
16290000 19019.9 -715922
16300000 19034 -715979
16310000 19029.4 -715974
16320000 19055.6 -715938
16330000 19016.5 -715975
16340000 19001.2 -716038
16350000 19046 -715925
16360000 19031.3 -715886
16370000 19013 -715938
16380000 19028.8 -715996
16390000 19043.4 -715964
16400000 18973.8 -715974
16410000 19025.2 -715921
16420000 19043.3 -715947
16430000 19016.1 -715942
16440000 18987.1 -716045
16450000 19010.1 -715957
16460000 19040.4 -715909
16470000 19032.3 -715945
16480000 19041.6 -715973
16490000 19060.7 -715958
16500000 19024.9 -715920
16510000 19028.7 -715914
16520000 19054.3 -715929
16530000 19040.1 -716020
16540000 19058.7 -715929
16550000 19034 -715988
16560000 19047.2 -715900
16570000 19038 -715922
16580000 19052.6 -715894
16590000 19016.9 -715950
16600000 19040.1 -715980
16610000 19041.9 -715954
16620000 19026 -715956
16630000 19046.4 -715957
16640000 19057 -715879
16650000 19013 -715870
16660000 19034.1 -715912
16670000 19043.9 -715918
16680000 19043.3 -715898
16690000 19025.9 -715975
16700000 19033.6 -715968
16710000 19026.9 -715913
16720000 19013.5 -715962
16730000 19015.4 -715911
16740000 19034.9 -715961
16750000 19006.7 -715930
16760000 19048.1 -715897
16770000 19035.5 -715907
16780000 19053.9 -715948
16790000 19028.6 -715971
16800000 19040.8 -715965
16810000 19080.7 -715948
16820000 19057.3 -715916
16830000 19079.3 -715974
16840000 19075.2 -715849
16850000 19063.5 -715898
16860000 19098.5 -715904
16870000 19094.9 -715850
16880000 19051.4 -715886
16890000 19083.9 -715831
16900000 19034.8 -715919
16910000 19058.9 -715916
16920000 19039.1 -715942
16930000 19058 -715973
16940000 19099.3 -715855
16950000 19067.3 -715952
16960000 19086.9 -715907
16970000 19052.5 -715986
16980000 19073.8 -715924
16990000 19034.5 -715932
17000000 19049.9 -715883
17010000 19044.4 -716047
17020000 19044.9 -716012
17030000 19057 -716006
17040000 19038.3 -715968
17050000 19066.2 -715871
17060000 19040.7 -715925
17070000 19030.1 -715922
17080000 19082.2 -715829
17090000 19036.5 -715895
17100000 19041.8 -715866
17110000 19066.1 -715870
17120000 19033.6 -715997
17130000 19061.4 -715912
17140000 19059.7 -715884
17150000 19060.4 -715940
17160000 19057.5 -715913
17170000 19085.2 -715936
17180000 19066 -715886
17190000 19015.8 -715974
17200000 19037.6 -715938
17210000 19061.8 -715974
17220000 19044.2 -715886
17230000 19032.5 -715939
17240000 19038.6 -715881
17250000 19024.4 -715906
17260000 19028.2 -715956
17270000 19041.5 -715903
17280000 19012.8 -716007
17290000 19073.4 -715900
17300000 19042 -715879
17310000 19032.8 -716003
17320000 19017.9 -715951
17330000 19061.7 -715857
17340000 19002.6 -715996
17350000 19056.2 -715928
17360000 19033.1 -715954
17370000 19045.7 -715915
17380000 19073.4 -715923
17390000 19034.9 -715943
17400000 19040.1 -715954
17410000 19044 -715981
17420000 19037.8 -716005
17430000 19042.3 -716000
17440000 19033 -715942
17450000 19025.6 -715978
17460000 19021.6 -715959
17470000 19012.1 -715950
17480000 19048.7 -715962
17490000 19060.6 -715951
17500000 19004.6 -715939
17510000 19066 -715846
17520000 19045.5 -715919
17530000 19069.7 -715924
17540000 19030.7 -715885
17550000 19046.8 -715931
17560000 19032.2 -715984
17570000 19034.5 -715923
17580000 19030 -715950
17590000 19034.3 -715926
17600000 19023.2 -715992
17610000 19018.6 -715976
17620000 19023.4 -715896
17630000 19028.8 -715920
17640000 19030.7 -715898
17650000 19038.1 -715971
17660000 19021.6 -715992
17670000 19024.4 -715964
17680000 19024.1 -715971
17690000 19045.5 -715985
17700000 19035 -715958
17710000 19042 -715920
17720000 19021.8 -715983
17730000 19018.2 -716038
17740000 19038.7 -715952
17750000 19065.7 -715900
17760000 19028.7 -715950
17770000 19031.6 -715905
17780000 19010.5 -715993
17790000 19013.5 -715990
17800000 19034.8 -715991
17810000 19045.1 -715955
17820000 19047.8 -716035
17830000 19009.8 -716000
17840000 19049.4 -715943
17850000 19052.6 -715904
17860000 19041 -715966
17870000 19057.1 -715900
17880000 19021.4 -716005
17890000 19030.2 -715981
17900000 19015.1 -715958
17910000 18991.5 -716007
17920000 18985.8 -715986
17930000 19031 -715899
17940000 19027.9 -715947
17950000 19008.6 -715971
17960000 19013.8 -715984
17970000 19001.8 -716045
17980000 19035 -715834
17990000 19000.2 -715922
18000000 18991.2 -716012
18010000 19011.3 -715981
18020000 19018.2 -715966
18030000 19035 -715887
18040000 19028.5 -715904
18050000 19037.5 -715894
18060000 19012.1 -715950
18070000 19039.5 -715860
18080000 19011.3 -716009
18090000 19012.4 -715941
18100000 19012.1 -715929
18110000 19037.7 -715903
18120000 19035.4 -715936
18130000 19033.5 -715980
18140000 19016.8 -715995
18150000 19018.6 -715954
18160000 19044.8 -715970
18170000 19042.6 -715928
18180000 19038.5 -715886
18190000 19056.8 -715848
18200000 19027.2 -715975
18210000 19051.7 -715926
18220000 19012.2 -715980
18230000 19026.8 -715895
18240000 19036.4 -715917
18250000 19072.4 -715872
18260000 19085.3 -715911
18270000 19041.3 -715975
18280000 19037 -715889
18290000 19044.2 -715980
18300000 19065.2 -715968
18310000 19074.9 -715915
18320000 19029.3 -715901
18330000 19043 -715901
18340000 19042.7 -715897
18350000 19045.2 -715855
18360000 19016.6 -715897
18370000 19072 -715878
18380000 19053.3 -715937
18390000 19012.1 -716024
18400000 19036.2 -715939
18410000 19049.9 -715843
18420000 19002.9 -715927
18430000 19040 -716014
18440000 19069.2 -715874
18450000 19029.4 -715973
18460000 19057 -715970
18470000 19067.1 -715948
18480000 19055.1 -715885
18490000 19060.7 -715932
18500000 19060.9 -715919
18510000 19035.5 -715887
18520000 19042 -715987
18530000 19057.5 -715902
18540000 19044.5 -715971
18550000 19018.4 -716009
18560000 19033 -715958
18570000 19022.1 -715899
18580000 19017.4 -716000
18590000 19057.7 -715919
18600000 19039.6 -715919
18610000 19037.1 -715883
18620000 19042.1 -715910
18630000 19061.3 -715935
18640000 19026.4 -715992
18650000 19035.4 -715971
18660000 19038.2 -715904
18670000 19041.3 -715906
18680000 19036.8 -715974
18690000 19025 -715989
18700000 19030 -716000
18710000 19041.7 -715959
18720000 19035.6 -715920
18730000 19023 -716022
18740000 19031.8 -715928
18750000 19015.4 -715900
18760000 19006.7 -716006
18770000 19017.7 -715936
18780000 19020.9 -715970
18790000 19029 -715907
18800000 19025.9 -715952
18810000 19042.7 -715962
18820000 19029.6 -716013
18830000 19025.9 -715991
18840000 19042 -715985
18850000 19062.5 -715938
18860000 19020.4 -715973
18870000 19025.9 -715983
18880000 19030.9 -715969
18890000 19038.3 -715896
18900000 19017.3 -715960
18910000 19045.1 -715967
18920000 19035.1 -715936
18930000 19028.9 -715988
18940000 19020.5 -715967
18950000 19024.6 -715919
18960000 19035.6 -715923
18970000 19047.7 -715923
18980000 19045.2 -715958
18990000 19017.6 -715999
19000000 19036.3 -715971
19010000 19032.7 -715957
19020000 19031.9 -715930
19030000 19006.7 -716000
19040000 19039.7 -715920
19050000 19019.1 -715980
19060000 19063.8 -715936
19070000 19025.9 -716034
19080000 18997.8 -715914
19090000 19028.5 -715936
19100000 19014.2 -715951
19110000 19022.4 -715962
19120000 19037.4 -715969
19130000 19027.5 -716004
19140000 19016.9 -715969
19150000 19020.4 -715938
19160000 18992.2 -715969
19170000 19022.8 -715997
19180000 19007.2 -715950
19190000 18998.2 -716056
19200000 19013.4 -715956
19210000 19001.9 -716027
19220000 18982.8 -716120
19230000 19009.1 -716035
19240000 18989.9 -716040
19250000 18992.8 -715991
19260000 18992.6 -716006
19270000 19000.8 -715972
19280000 19027.8 -715915
19290000 19010 -716004
19300000 19012 -715943
19310000 19000.6 -716029
19320000 18988 -716002
19330000 18990.3 -716001
19340000 19016.6 -715979
19350000 19004.9 -715968
19360000 19038.8 -715911
19370000 19026 -715935
19380000 19017.2 -715984
19390000 19046.7 -715912
19400000 19013.3 -715949
19410000 19026.9 -715930
19420000 19029.5 -715951
19430000 19024.2 -715868
19440000 19036.4 -715909
19450000 19038.5 -715979
19460000 19058.2 -715939
19470000 19058.3 -715917
19480000 19047.3 -715950
19490000 19066.1 -715898
19500000 19051.4 -715961
19510000 19068.8 -715942
19520000 19072.3 -715923
19530000 19027 -715967
19540000 19073.9 -715934
19550000 19047.7 -715936
19560000 19064.2 -715892
19570000 19080 -715918
19580000 19075.8 -715988
19590000 19074.8 -715919
19600000 19056 -715938
19610000 19034 -715901
19620000 19057 -715872
19630000 19047 -715899
19640000 19061.7 -715940
19650000 19031.4 -715951
19660000 19050.3 -715914
19670000 19063.3 -715890
19680000 19028.5 -716000
19690000 19019.9 -715980
19700000 19063.2 -715950
19710000 19059.9 -715951
19720000 19057.6 -715944
19730000 19076.9 -715916
19740000 19052.6 -715993
19750000 19043.4 -715911
19760000 19057.9 -715850
19770000 19070.5 -715899
19780000 19069.1 -715923
19790000 19067.9 -715888
19800000 19059.8 -715926
19810000 19061.5 -715884
19820000 19062.8 -715878
19830000 19059.5 -715931
19840000 19051.7 -715924
19850000 19098.3 -715882
19860000 19075.2 -715909
19870000 19070.4 -715917
19880000 19047.4 -715926
19890000 19042.1 -715890
19900000 19060.3 -715917
19910000 19063.2 -715944
19920000 19063.9 -715911
19930000 19028.6 -715964
19940000 19068.4 -715941
19950000 19067.4 -715870
19960000 19052.4 -715959
19970000 19045.9 -715984
19980000 19043.2 -715975
19990000 19059.2 -715923
20000000 19043.7 -715929
20010000 19057.6 -715911
20020000 19027.6 -715945
20030000 19055.9 -715961
20040000 19025.1 -715987
20050000 19039.7 -715963
20060000 19012 -715996
20070000 19035 -715997
20080000 19049.2 -715956
20090000 19036.5 -715966
20100000 19011.1 -715971
20110000 19049.4 -715939
20120000 19030 -715989
20130000 19022.6 -716001
20140000 19039.5 -715926
20150000 19032.1 -715986
20160000 19040 -715942
20170000 19051 -715901
20180000 19074.2 -715881
20190000 19068.6 -715894
20200000 19034.4 -716022
20210000 19023.5 -715944
20220000 19063.8 -715840
20230000 19030.9 -715917
20240000 19030.4 -715978
20250000 19053.3 -715941
20260000 19033.1 -715968
20270000 19037.9 -715902
20280000 19050.6 -715892
20290000 19068.4 -715890
20300000 19057.1 -715916
20310000 19009.8 -716010
20320000 19041.3 -716023
20330000 19043.5 -715978
20340000 19042 -715936
20350000 19045 -715974
20360000 19038.1 -715979
20370000 19055.6 -715940
20380000 19033.3 -715925
20390000 19063 -715877
20400000 19039 -715893
20410000 19021 -715916
20420000 19050.3 -715895
20430000 19030.3 -715996
20440000 19046.8 -715992
20450000 19050.8 -715956
20460000 19050.4 -715947
20470000 19004 -716005
20480000 19030.3 -716017
20490000 19026 -716012
20500000 19022.5 -715976
20510000 19039.6 -715949
20520000 19057.2 -715894
20530000 19069.8 -715896
20540000 19049.6 -715895
20550000 19034.4 -715991
20560000 19048.6 -715924
20570000 19041.4 -715970
20580000 19038 -716002
20590000 19069.8 -715949
20600000 19050.3 -715934
20610000 19067.2 -715944
20620000 19035.8 -715916
20630000 19045.7 -715908
20640000 19063.2 -715993
20650000 19065.5 -715988
20660000 19050.5 -715961
20670000 19066.6 -715875
20680000 19076.1 -715877
20690000 19065.5 -715917
20700000 19060.6 -715873
20710000 19051.8 -715965
20720000 19078.4 -715991
20730000 19072.1 -715909
20740000 19036.1 -715938
20750000 19073.2 -715951
20760000 19082 -715872
20770000 19077.6 -715901
20780000 19048.7 -715924
20790000 19083.9 -715927
20800000 19081.4 -715918
20810000 19036.2 -715970
20820000 19056 -715953
20830000 19069.9 -715871
20840000 19077.6 -715894
20850000 19052.1 -715949
20860000 19058.4 -715851
20870000 19049.4 -715926
20880000 19048.1 -715898
20890000 19044.3 -715938
20900000 19056.9 -715973
20910000 19059.2 -715860
20920000 19020.3 -715935
20930000 19060.3 -715901
20940000 19051.8 -715933
20950000 19069.3 -715887
20960000 19081.1 -715895
20970000 19067.1 -715909
20980000 19058.8 -715909
20990000 19060.6 -715917
21000000 19042.8 -716015
21010000 19035.3 -715932
21020000 19039.3 -715910
21030000 19049.2 -715965
21040000 19033.6 -715953
21050000 19034.7 -715927
21060000 19032.3 -715943
21070000 19047.1 -715907
21080000 19028.2 -715983
21090000 19070.2 -715938
21100000 19075.4 -715879
21110000 19053.1 -715996
21120000 19048.3 -715982
21130000 19067.2 -715907
21140000 19051.5 -715945
21150000 19040.6 -715894
21160000 19063 -715909
21170000 19052.9 -715918
21180000 19038.1 -715956
21190000 19061.6 -715939
21200000 19015.2 -715996
21210000 19054.5 -715945
21220000 19043.6 -715998
21230000 19071.1 -715947
21240000 18996.4 -715983
21250000 19011.2 -715999
21260000 19018.1 -715984
21270000 19045.2 -715930
21280000 19067.7 -715922
21290000 19046 -715944
21300000 19026.8 -715897
21310000 19034.1 -715886
21320000 19040 -716015
21330000 19019.4 -715965
21340000 19013.2 -715995
21350000 19027.9 -716008
21360000 19032.1 -716022
21370000 19034.9 -715929
21380000 19023.6 -716000
21390000 19025.3 -715936
21400000 19023.5 -715955
21410000 19006.8 -715961
21420000 19033.7 -715932
21430000 19028.1 -715967
21440000 19046.3 -716012
21450000 19038.7 -715974
21460000 19042.3 -715938
21470000 19054.6 -715893
21480000 19013.7 -715977
21490000 19040.2 -715991
21500000 19063.4 -715924
21510000 19033.8 -715920
21520000 19045.2 -715919
21530000 19073.4 -715885
21540000 19031.9 -715978
21550000 19031.2 -715984
21560000 19047.9 -715899
21570000 19029.5 -715961
21580000 19037.8 -715939
21590000 19008.7 -716029
21600000 19040.2 -715951
21610000 19036.7 -715897
21620000 19038.9 -715906
21630000 19011.8 -715971
21640000 19046.1 -715946
21650000 19032.6 -715981
21660000 19039.2 -715944
21670000 19037.5 -715958
21680000 19036 -715932
21690000 19064.9 -715899
21700000 19035.1 -715940
21710000 19041.7 -715916
21720000 19051.2 -715931
21730000 19065.9 -715922
21740000 19059.2 -715926
21750000 19046.9 -715918
21760000 19029.3 -715977
21770000 19016 -716027
21780000 19077.2 -715923
21790000 19052.3 -715880
21800000 19038.5 -715909
21810000 19056.2 -715921
21820000 19056.6 -715890
21830000 19028.8 -715937
21840000 19018.5 -716017
21850000 19021.7 -715991
21860000 19049.3 -715933
21870000 19060 -715876
21880000 19053.1 -715919
21890000 19063.3 -715925
21900000 19058.1 -715913
21910000 19069.3 -715857
21920000 19065.8 -715930
21930000 19081.9 -715850
21940000 19048.8 -715939
21950000 19058.6 -715928
21960000 19091.7 -715858
21970000 19063.9 -715920
21980000 19065.9 -715918
21990000 19053.2 -715904
22000000 19087 -715932
22010000 19074.2 -715930
22020000 19083.8 -715918
22030000 19064.4 -715859
22040000 19087.9 -715919
22050000 19074.9 -715820
22060000 19065.1 -715931
22070000 19062.2 -715902
22080000 19071.9 -715859
22090000 19070 -715936
22100000 19047.5 -715936
22110000 19045.9 -715930
22120000 19038.5 -715930
22130000 19073.9 -715905
22140000 19033.1 -715928
22150000 19050.9 -715888
22160000 19079.4 -715889
22170000 19061.4 -715999
22180000 19053.9 -715972
22190000 19063.4 -715828
22200000 19090 -715875
22210000 19062.2 -715911
22220000 19045.9 -715927
22230000 19062.8 -715911
22240000 19077 -715939
22250000 19063.9 -715915
22260000 19055.1 -715971
22270000 19032.4 -715931
22280000 19031.7 -715997
22290000 19043 -715930
22300000 19047.6 -715929
22310000 19063.1 -715928
22320000 19045.7 -715910
22330000 19052.9 -715880
22340000 19077.8 -715847
22350000 19047.8 -715930
22360000 19012.2 -715897
22370000 19031.9 -715965
22380000 19058 -715981
22390000 19042.9 -715916
22400000 19037.3 -715916
22410000 19038.8 -715919
22420000 19063.5 -715917
22430000 19052 -715900
22440000 19011.1 -715964
22450000 19043.6 -715943
22460000 19040.4 -715951
22470000 19012.6 -716010
22480000 19014 -715963
22490000 19013.3 -715963
22500000 19043.4 -715936
22510000 19041.9 -715879
22520000 18996.7 -716050
22530000 19013.2 -715976
22540000 19031.9 -716023
22550000 19025.3 -715962
22560000 19016 -715984
22570000 19031.8 -715996
22580000 19008.2 -716021
22590000 19017.9 -715974
22600000 19055.1 -715913
22610000 19062.2 -715846
22620000 19009.9 -715950
22630000 19022.4 -715967
22640000 19029.2 -716000
22650000 19013.5 -716013
22660000 19026.1 -715915
22670000 19024 -715950
22680000 19028.3 -715898
22690000 19029.6 -715950
22700000 19005 -715952
22710000 19042.7 -715944
22720000 19012.8 -716027
22730000 19044.2 -715911
22740000 19015.1 -715949
22750000 19015.9 -715945
22760000 19018.3 -715924
22770000 19012.6 -715900
22780000 19051.6 -715894
22790000 19050.5 -715867
22800000 19051.1 -715941
22810000 19049.5 -715905
22820000 19053.2 -715912
22830000 19051.8 -715941
22840000 19019.8 -715948
22850000 19035.5 -715865
22860000 19006 -715973
22870000 19019.8 -715967
22880000 19045.9 -715926
22890000 19047.3 -715916
22900000 19052.2 -715965
22910000 19028.5 -715992
22920000 19046.9 -715894
22930000 19013.8 -716045
22940000 19060.1 -715998
22950000 19054.5 -715903
22960000 19037.4 -715908
22970000 19011.3 -716001
22980000 19060.5 -715897
22990000 19044.6 -715981
23000000 19044.8 -715949
23010000 19027.5 -715957
23020000 19025 -715895
23030000 19014.4 -715999
23040000 19040.8 -715931
23050000 19023.3 -715986
23060000 19057.4 -715945
23070000 19021.3 -715967
23080000 19047.4 -715974
23090000 19012.7 -715987
23100000 19033.1 -715943
23110000 19020.4 -715991
23120000 19054.3 -715941
23130000 19055.4 -715974
23140000 19034.2 -715885
23150000 19033.9 -715927
23160000 19069.2 -715760
23170000 19043.6 -715895
23180000 19056.9 -715886
23190000 19023.8 -715953
23200000 19025.4 -716002
23210000 19054.9 -715979
23220000 19030 -715979
23230000 19047.1 -715900
23240000 19032.6 -715894
23250000 19049.4 -715910
23260000 19057.4 -715936
23270000 19059.9 -715948
23280000 19029.5 -715989
23290000 19063 -715923
23300000 19049.5 -715957
23310000 19002.8 -715947
23320000 19030.5 -715934
23330000 19067 -715947
23340000 19069.2 -715997
23350000 19058.4 -715913
23360000 19070 -715904
23370000 19026.2 -715977
23380000 19061.4 -715988
23390000 19051.7 -715983
23400000 19044.1 -715937
23410000 19047.9 -715951
23420000 19068.3 -715914
23430000 19016.5 -715984
23440000 19031.2 -715975
23450000 19046.2 -715928
23460000 19035.7 -715947
23470000 19035.3 -715930
23480000 19012.1 -715912
23490000 19022.7 -715928
23500000 19040.5 -715902
23510000 19026.1 -715884
23520000 19034.9 -715918
23530000 18999.8 -716027
23540000 19020.3 -715978
23550000 19080.2 -715921
23560000 19030.1 -715987
23570000 19013.9 -716005
23580000 19054.1 -715946
23590000 19029.7 -715957
23600000 19024.8 -715981
23610000 19025.1 -715930
23620000 19041.9 -715904
23630000 19033.2 -716003
23640000 19046.1 -715960
23650000 19013.5 -716014
23660000 18997 -716026
23670000 19031.2 -715978
23680000 19023.7 -715953
23690000 19040.2 -715934
23700000 19029.2 -716009
23710000 19056.3 -715982
23720000 19043 -715848
23730000 19002.6 -715946
23740000 19044 -715958
23750000 19037.7 -715963
23760000 19010.3 -715962
23770000 19032.6 -715923
23780000 19032.8 -715923
23790000 19053.4 -715964
23800000 19066.3 -715926
23810000 19063 -715939
23820000 19040 -715940
23830000 19042.6 -715934
23840000 19047 -715866
23850000 19062.6 -715877
23860000 19041 -715940
23870000 19063.6 -715922
23880000 19062.7 -715967
23890000 19057.7 -715948
23900000 19014 -715961
23910000 19040.3 -715940
23920000 19032.4 -715974
23930000 19023.4 -715981
23940000 19029.4 -716012
23950000 19016.5 -715970
23960000 19065.6 -715904
23970000 19048.8 -715872
23980000 19069.8 -715905
23990000 19000 -715966
24000000 19045.1 -715997
